0	508	1350	842	1846	0.456121343	10	0.008434742			
1	492	1320	828	1800	0.46		10	0.008663219			
2	420	1350	930	1758	0.529010239	10	0.009120603		
3	404	1400	996	1792	0.555803571	10	0.009050149		
4	404	1400	996	1792	0.555803571	10	0.009050149			
5	352	1720	1368	2060	0.66407767	10	0.008266177			
6	340	1460	1120	1788	0.62639821	10	0.009359356			
7	364	1410	1046	1762	0.593643587	10	0.009358203			
8	400	1410	1010	1798	0.561735261	10	0.009043106			
9	448	1400	952	1836	0.518518519	10	0.008694963			
10	364	1390	1026	1742	0.588978186	10	0.009446032			
11	464	1350	886	1802	0.491675916	10	0.008762344			
12	412	1350	938	1750	0.536		10	0.009189317			
13	500	1260	760	1748	0.434782609	10	0.008836096			
14	540	1240	700	1768	0.395927602	10	0.008614734			
15	576	1210	634	1774	0.357384442	10	0.00847528			
16	600	1190	590	1778	0.331833521	10	0.008388751			
17	640	1150	510	1778	0.286839145	10	0.008280991			
18	680	1110	430	1778	0.241844769	10	0.008187781			
19	700	1100	400	1788	0.223713647	10	0.008108843			
20	748	1050	302	1786	0.169092945	10	0.008032965			
