0	72	152	80	208	0.384615385	10	0.072940395			
1	74	152	78	210	0.371428571	10	0.071925836			
2	69	152	83	205	0.404878049	10	0.074530608		
3	70	158	88	212	0.41509434	10	0.072333006		
4	70	147	77	201	0.383084577	10	0.07544129			
5	64	166	102	214	0.476635514	10	0.073342905			
6	65	153	88	202	0.435643564	10	0.076487344			
7	58	172	114	214	0.53271028	10	0.075042011			
8	58	160	102	202	0.504950495	10	0.078588996			
9	58	172	114	214	0.53271028	10	0.075042011			
10	52	162	110	198	0.555555556	10	0.081899661			
11	49	185	136	218	0.623853211	10	0.076674876			
12	49	168	119	201	0.592039801	10	0.081977048			
13	44	185	141	213	0.661971831	10	0.079866616			
14	41	176	135	201	0.671641791	10	0.085018595			
15	41	176	135	201	0.671641791	10	0.085018595			
16	41	193	152	218	0.697247706	10	0.079342615			
17	41	176	135	201	0.671641791	10	0.085018595			
18	37	189	152	210	0.723809524	10	0.083418412			
19	37	186	149	207	0.719806763	10	0.084464678			
20	36	179	143	199	0.718592965	10	0.087809045			
21	36	193	157	213	0.737089202	10	0.082772137			
22	34	185	151	203	0.743842365	10	0.08713414			
23	37	179	142	200	0.71		10	0.087010976			
24	37	196	159	217	0.732718894	10	0.081074945			
25	37	179	142	200	0.71		10	0.087010976			
26	37	179	142	200	0.71		10	0.087010976			
27	42	192	150	218	0.688073394	10	0.078998068			
28	40	179	139	203	0.684729064	10	0.084701306			
