  -0.0840625
  -0.0753125
    -0.06875
  -0.0609375
    -0.05125
  -0.0403125
   -0.026875
    -0.01375
    0.001875
    0.016875
        0.03
    0.043125
      0.0575
    0.070625
     0.08125
   0.0946875
     0.11375
     0.13375
   0.1503125
   0.1659375
   0.1853125
    0.208125
   0.2284375
   0.2459375
   0.2634375
   0.2834375
   0.3034375
   0.3253125
   0.3453125
      0.3625
     0.37875
   0.4003125
    0.429375
    0.458125
    0.478125
   0.4953125
      0.5125
      0.5325
   0.5528125
   0.5759375
     0.60375
   0.6340625
     0.66375
    0.686875
      0.7075
    0.733125
    0.759375
       0.785
   0.8059375
   0.8309375
   0.8590625
    0.886875
    0.913125
   0.9390625
   0.9640625
     0.99125
       1.025
    1.064062
      1.0925
    1.114687
    1.138437
    1.168437
    1.197812
    1.223437
    1.249062
    1.276875
    1.305625
    1.338125
    1.373125
     1.40125
    1.416875
     1.43625
    1.470312
    1.510312
    1.544375
        1.57
    1.602187
        1.63
      1.6525
    1.675625
    1.709062
    1.749687
      1.7875
    1.819062
    1.845625
    1.870312
    1.890625
    1.912812
    1.936562
    1.969687
    2.000312
    2.030625
    2.060312
       2.085
       2.105
    2.126562
    2.155312
    2.186875
    2.219687
        2.25
    2.277812
    2.303437
    2.324375
     2.34375
    2.365625
    2.392812
     2.42125
    2.449375
    2.479375
    2.511562
    2.539687
    2.560312
     2.57875
    2.601562
    2.629062
    2.649375
      2.6625
    2.675937
    2.693125
    2.715937
    2.737812
     2.75875
    2.784687
       2.815
    2.839687
    2.855625
    2.869375
    2.888437
        2.91
    2.929062
    2.947187
    2.969062
       2.995
    3.018437
    3.034062
     3.04625
    3.057187
    3.074375
    3.094375
    3.113437
    3.129062
    3.143125
    3.155625
    3.164062
    3.171875
    3.179687
    3.190625
     3.20625
        3.22
    3.232812
    3.242812
     3.25375
    3.269062
    3.281562
    3.286875
    3.287812
    3.295312
     3.30875
    3.321875
        3.33
    3.338125
    3.348437
     3.35375
    3.360312
     3.36625
    3.372187
    3.375312
    3.375937
      3.3725
    3.367187
    3.365312
        3.37
    3.375937
    3.382812
    3.387187
    3.392187
    3.390937
    3.385625
     3.38625
    3.394375
      3.4025
    3.404687
    3.400625
     3.39625
    3.397187
     3.39875
    3.394375
    3.385937
    3.375937
    3.369687
    3.369062
        3.37
    3.369062
    3.366562
    3.362187
    3.358125
    3.350625
    3.339687
     3.32875
     3.32125
     3.31625
    3.314687
      3.3125
    3.306562
    3.300312
    3.295312
    3.288437
    3.275937
    3.262812
    3.254687
    3.249687
    3.242187
    3.230937
        3.22
    3.206875
      3.1875
    3.173437
    3.164375
    3.160312
    3.151875
    3.144062
    3.139687
    3.131875
    3.121875
    3.110937
    3.101875
    3.090625
    3.077812
     3.06375
    3.050625
    3.035937
    3.019687
    3.004375
    2.996875
    2.989375
     2.97625
    2.958437
    2.944375
    2.936875
    2.926875
      2.9125
         2.9
     2.88375
    2.861562
     2.83875
    2.824062
    2.820312
    2.814375
    2.800625
    2.782187
    2.762187
    2.743125
      2.7275
    2.712812
    2.696562
    2.679062
    2.668125
    2.659687
     2.64875
    2.630312
    2.612187
    2.598125
       2.585
    2.570625
    2.551562
    2.536875
    2.526875
    2.517187
    2.503437
    2.488437
    2.472812
    2.455625
    2.437187
      2.4175
      2.3975
    2.379375
       2.365
    2.349687
    2.330625
    2.311562
    2.299375
    2.290937
      2.2825
    2.272187
    2.261875
     2.24875
    2.230312
    2.209375
    2.189062
    2.172187
    2.157812
     2.14125
    2.123125
    2.110937
    2.098125
      2.0775
    2.052187
    2.032187
    2.015312
     1.99625
    1.975937
     1.96375
    1.956875
    1.944062
    1.926875
     1.91375
    1.902187
    1.884062
    1.863125
    1.844687
        1.83
      1.8175
    1.805937
    1.795937
    1.778437
       1.755
    1.736562
    1.725625
    1.714687
    1.698437
    1.682812
    1.669375
    1.654062
    1.636875
     1.61625
    1.597812
    1.582187
    1.571875
    1.560625
    1.544687
    1.525625
     1.51125
    1.504687
    1.495937
        1.48
    1.458437
    1.442187
     1.43375
     1.42375
    1.403437
    1.381875
    1.364375
     1.35375
    1.344687
        1.33
     1.31375
         1.3
     1.28875
     1.27875
    1.266875
    1.253437
     1.23625
    1.220625
    1.205937
     1.19625
      1.1825
       1.165
    1.149375
    1.138437
      1.1275
    1.114375
    1.099375
       1.085
     1.07375
    1.068125
    1.060937
        1.05
    1.036562
    1.025312
    1.012812
     0.99875
   0.9828125
    0.971875
   0.9640625
   0.9528125
     0.93875
   0.9278125
   0.9209375
   0.9109375
   0.8934375
   0.8734375
     0.85875
    0.849375
     0.83875
    0.826875
   0.8190625
   0.8165625
   0.8096875
   0.7928125
    0.773125
   0.7603125
     0.75375
     0.74625
    0.739375
      0.7325
    0.725625
   0.7165625
     0.70625
   0.6934375
    0.679375
   0.6728125
   0.6696875
      0.6625
   0.6490625
    0.636875
    0.628125
   0.6203125
      0.6125
   0.6009375
   0.5915625
   0.5828125
     0.57625
   0.5703125
   0.5628125
   0.5521875
   0.5421875
   0.5353125
   0.5328125
        0.53
   0.5221875
   0.5134375
   0.5028125
   0.4934375
     0.48625
    0.483125
   0.4796875
    0.469375
   0.4565625
   0.4503125
   0.4478125
   0.4434375
        0.43
     0.41625
     0.40875
   0.4034375
    0.394375
    0.385625
    0.381875
   0.3784375
    0.375625
   0.3740625
   0.3740625
   0.3671875
      0.3525
    0.336875
   0.3315625
   0.3328125
     0.33375
   0.3340625
     0.33625
   0.3353125
   0.3259375
       0.315
    0.308125
    0.303125
   0.2940625
    0.284375
    0.281875
   0.2828125
   0.2865625
    0.286875
   0.2828125
   0.2740625
     0.26625
    0.266875
   0.2665625
   0.2584375
   0.2446875
   0.2396875
        0.24
      0.2375
    0.231875
        0.23
    0.229375
     0.22875
    0.226875
   0.2278125
     0.22875
        0.23
        0.23
   0.2290625
   0.2246875
   0.2184375
    0.213125
      0.2075
     0.20375
   0.1984375
   0.1959375
     0.19625
   0.1971875
   0.1940625
   0.1884375
   0.1840625
   0.1809375
   0.1803125
   0.1803125
    0.178125
   0.1759375
    0.173125
     0.17625
