     -0.3175
  -0.3246875
    -0.32875
  -0.3284375
      -0.325
   -0.321875
  -0.3178125
   -0.314375
    -0.31375
  -0.3146875
    -0.31875
  -0.3215625
  -0.3253125
   -0.329375
  -0.3321875
     -0.3325
  -0.3284375
    -0.32375
  -0.3228125
    -0.32625
  -0.3328125
    -0.33375
  -0.3315625
  -0.3246875
     -0.3225
  -0.3259375
  -0.3271875
  -0.3253125
   -0.320625
  -0.3221875
       -0.33
   -0.333125
   -0.330625
  -0.3240625
  -0.3196875
  -0.3203125
  -0.3246875
  -0.3303125
    -0.32875
   -0.320625
    -0.30875
  -0.3034375
  -0.3065625
  -0.3140625
  -0.3190625
  -0.3159375
  -0.3121875
   -0.309375
  -0.3090625
  -0.3071875
    -0.30125
    -0.29875
  -0.2984375
  -0.2965625
  -0.2903125
  -0.2821875
    -0.27625
   -0.274375
  -0.2709375
  -0.2653125
    -0.25875
   -0.254375
  -0.2496875
  -0.2440625
  -0.2340625
  -0.2240625
  -0.2103125
   -0.200625
    -0.19375
  -0.1896875
  -0.1828125
  -0.1728125
   -0.164375
   -0.154375
  -0.1453125
    -0.13375
  -0.1215625
     -0.1075
   -0.098125
  -0.0890625
  -0.0759375
    -0.05875
   -0.041875
   -0.033125
  -0.0290625
  -0.0209375
   -0.009375
       0.005
   0.0196875
   0.0353125
   0.0515625
   0.0659375
    0.084375
   0.1021875
   0.1171875
   0.1265625
      0.1375
   0.1546875
   0.1784375
         0.2
   0.2153125
   0.2309375
   0.2509375
      0.2725
   0.2903125
   0.3040625
      0.3225
    0.346875
      0.3725
    0.395625
    0.413125
   0.4296875
   0.4496875
   0.4790625
     0.50375
   0.5165625
    0.526875
   0.5484375
   0.5753125
   0.5959375
   0.6159375
    0.639375
   0.6653125
      0.6875
    0.705625
   0.7246875
      0.7475
     0.76875
     0.78875
   0.8115625
    0.836875
    0.863125
        0.89
   0.9134375
    0.936875
   0.9590625
   0.9828125
    1.009687
    1.037187
    1.062812
    1.082812
     1.10375
    1.125312
    1.147812
     1.16375
    1.178437
     1.19875
    1.222812
    1.244375
      1.2625
    1.282187
    1.303437
    1.327812
      1.3575
    1.385312
    1.405625
    1.419062
    1.435625
    1.461562
      1.4875
    1.505625
    1.523125
    1.545625
     1.56625
    1.585937
    1.601562
    1.615312
    1.632812
    1.650937
    1.669687
    1.685312
    1.700312
    1.716875
    1.735312
    1.755312
      1.7725
    1.784062
    1.795625
        1.81
    1.824375
      1.8375
    1.853437
    1.873125
    1.893437
    1.909375
    1.920625
    1.928125
    1.933437
    1.945625
        1.96
    1.972187
    1.980625
     1.98875
    1.999687
    2.006562
        2.01
    2.019687
    2.033125
    2.045937
    2.049375
    2.046562
    2.044687
    2.050625
    2.054062
     2.05625
    2.062187
    2.073437
    2.083125
    2.085937
    2.088125
    2.094062
    2.099375
    2.101875
    2.102812
    2.105625
    2.108125
    2.112187
    2.116875
      2.1175
    2.114375
    2.112812
    2.113125
        2.11
    2.099375
    2.092187
    2.091562
    2.092812
    2.093437
    2.093437
    2.086875
    2.074687
    2.060312
    2.050312
     2.04875
    2.055312
    2.057812
    2.052187
    2.043437
     2.04375
     2.04375
    2.035625
    2.022187
       2.015
    2.013125
    2.005312
    1.992187
    1.982812
    1.980312
    1.980937
    1.975937
    1.961875
       1.945
       1.935
    1.933125
    1.928125
    1.914062
    1.896562
    1.885625
      1.8825
    1.874375
    1.861875
    1.848437
    1.835937
    1.825625
        1.82
    1.812187
     1.79875
    1.778437
    1.763125
     1.75875
     1.75625
    1.742812
    1.724687
    1.712812
    1.703437
    1.692812
    1.675312
    1.661875
    1.652187
      1.6425
    1.630937
    1.617187
     1.60375
     1.58875
    1.573437
    1.559062
    1.547187
       1.535
    1.519687
    1.508125
    1.493437
    1.474375
       1.455
    1.444062
       1.435
    1.415937
    1.395625
    1.385625
    1.383437
     1.37375
    1.355625
    1.336562
      1.3225
    1.309062
      1.2975
    1.290625
      1.2825
    1.268125
    1.249375
    1.235625
     1.22375
    1.207187
     1.18375
    1.164375
        1.15
    1.134687
    1.116562
    1.099375
    1.089687
    1.079687
      1.0675
    1.053437
      1.0375
    1.024062
     1.01375
   0.9984375
   0.9790625
   0.9565625
   0.9403125
     0.92625
   0.9115625
   0.9015625
   0.8946875
     0.88375
   0.8628125
    0.833125
      0.8075
     0.78875
    0.775625
     0.76375
   0.7503125
     0.73375
   0.7159375
     0.70125
   0.6884375
    0.673125
   0.6546875
   0.6409375
   0.6284375
   0.6121875
       0.595
   0.5778125
      0.5675
      0.5525
   0.5334375
   0.5115625
    0.495625
   0.4828125
     0.46375
     0.44125
    0.423125
   0.4071875
    0.389375
    0.366875
    0.346875
   0.3303125
    0.311875
     0.29375
     0.27875
   0.2634375
    0.250625
   0.2378125
    0.219375
    0.200625
      0.1825
   0.1665625
        0.15
      0.1325
     0.12125
    0.110625
   0.0946875
    0.076875
   0.0609375
    0.041875
   0.0234375
    0.010625
       0.005
  -0.0040625
   -0.018125
   -0.030625
  -0.0384375
   -0.049375
    -0.06625
  -0.0865625
   -0.104375
  -0.1171875
     -0.1275
  -0.1384375
  -0.1584375
  -0.1803125
  -0.1965625
   -0.205625
   -0.209375
    -0.21375
   -0.221875
  -0.2321875
  -0.2465625
    -0.25875
  -0.2728125
     -0.2825
  -0.2884375
  -0.2934375
  -0.3015625
  -0.3153125
   -0.329375
  -0.3440625
  -0.3571875
   -0.370625
   -0.381875
  -0.3884375
   -0.391875
   -0.398125
  -0.4109375
   -0.426875
       -0.44
   -0.448125
   -0.454375
  -0.4596875
  -0.4628125
  -0.4659375
  -0.4759375
    -0.49125
    -0.50875
   -0.518125
     -0.5225
      -0.525
  -0.5334375
  -0.5421875
  -0.5465625
  -0.5546875
    -0.56875
  -0.5796875
   -0.585625
   -0.590625
   -0.601875
  -0.6121875
    -0.61875
     -0.6225
    -0.62875
      -0.635
  -0.6409375
      -0.645
  -0.6496875
   -0.656875
  -0.6665625
  -0.6746875
  -0.6765625
  -0.6771875
  -0.6840625
  -0.6965625
   -0.708125
    -0.71375
  -0.7134375
   -0.715625
   -0.720625
  -0.7278125
  -0.7365625
   -0.748125
   -0.759375
  -0.7678125
  -0.7709375
   -0.769375
       -0.77
      -0.775
  -0.7796875
   -0.784375
   -0.789375
  -0.7996875
  -0.8090625
     -0.8125
   -0.808125
  -0.8084375
   -0.818125
   -0.828125
   -0.830625
    -0.82625
  -0.8234375
   -0.826875
    -0.83375
  -0.8390625
   -0.843125
  -0.8453125
    -0.85125
   -0.854375
    -0.85375
  -0.8503125
  -0.8478125
  -0.8540625
   -0.869375
  -0.8790625
