   -0.091875
   -0.081875
    -0.07125
  -0.0578125
  -0.0471875
    -0.03875
  -0.0265625
  -0.0140625
  -0.0046875
     0.00125
   0.0165625
       0.035
    0.054375
    0.066875
   0.0803125
   0.0946875
   0.1115625
        0.13
      0.1475
     0.16125
   0.1759375
   0.1934375
   0.2109375
   0.2296875
   0.2540625
   0.2846875
   0.3121875
    0.330625
    0.344375
   0.3590625
    0.376875
      0.3975
    0.420625
   0.4446875
    0.466875
    0.485625
   0.5059375
     0.52875
   0.5515625
   0.5721875
    0.595625
   0.6240625
     0.65375
   0.6815625
     0.70625
        0.73
   0.7553125
   0.7821875
   0.8065625
    0.829375
    0.850625
   0.8753125
   0.9009375
     0.93125
   0.9621875
   0.9865625
    1.010937
    1.043437
      1.0825
    1.113437
    1.133125
    1.158437
    1.198125
    1.230937
        1.25
    1.267187
    1.295625
    1.332187
    1.362187
    1.386875
    1.415625
    1.449687
      1.4825
    1.513437
     1.54375
        1.57
    1.593125
      1.6175
        1.65
    1.683437
    1.712187
    1.738125
     1.76625
         1.8
    1.832812
       1.865
    1.892187
    1.914375
     1.93125
    1.955312
    1.993125
    2.035937
    2.068125
      2.0875
    2.105937
    2.130312
    2.159062
    2.187187
     2.21875
      2.2525
    2.279687
    2.299375
    2.323437
    2.353125
    2.382187
    2.402812
    2.425937
    2.451562
     2.48125
    2.510312
    2.534375
    2.552187
      2.5725
    2.597187
        2.62
    2.636875
    2.650625
     2.67125
    2.694687
    2.718125
     2.73875
      2.7625
    2.784375
       2.805
    2.823437
    2.841875
    2.861562
    2.881875
      2.9025
      2.9225
     2.93875
      2.9575
    2.980937
        3.01
    3.036875
    3.051875
    3.057812
     3.06625
     3.08125
    3.094687
      3.1075
    3.119687
    3.134375
    3.148437
    3.164375
    3.179687
    3.191875
    3.200312
    3.214062
    3.229687
    3.241875
    3.247187
    3.253125
    3.263437
    3.276875
       3.285
    3.291562
    3.299375
      3.3075
    3.315312
    3.321875
    3.332812
    3.343125
    3.348125
    3.349062
    3.357812
    3.370625
    3.375625
    3.369062
    3.357812
    3.352812
     3.35625
    3.367812
     3.38125
    3.390937
     3.39375
     3.39625
    3.394062
    3.394375
    3.392812
    3.393125
    3.390625
    3.387187
      3.3875
    3.389375
    3.389375
    3.384687
    3.376562
     3.37375
    3.375312
    3.376562
    3.370625
    3.364375
    3.358437
    3.355625
    3.345625
    3.332187
    3.321875
      3.3225
    3.325312
    3.320625
    3.311562
    3.306562
    3.301875
    3.295312
    3.286875
    3.280937
    3.277187
      3.2725
    3.265312
    3.255937
       3.245
    3.230937
    3.216875
    3.204375
    3.191562
      3.1825
       3.175
    3.166875
      3.1575
    3.145312
    3.136562
    3.129062
     3.12125
    3.106562
    3.088125
    3.071875
    3.065312
    3.059062
    3.046875
    3.033437
    3.023125
    3.010312
    2.993437
    2.974687
    2.960937
    2.950312
    2.939062
    2.928437
    2.917187
    2.901875
    2.886875
    2.876562
    2.867812
    2.853437
    2.834375
    2.817812
      2.8025
    2.784062
    2.762812
    2.744375
     2.73375
    2.724375
    2.711562
    2.698125
    2.687187
    2.673437
       2.655
    2.634062
     2.61625
    2.603125
     2.59125
    2.580937
    2.573437
     2.55875
    2.539062
    2.520625
    2.506562
    2.492187
        2.48
      2.4675
    2.452812
    2.435937
    2.420937
     2.40625
    2.387187
    2.364687
     2.34625
    2.334062
      2.3225
    2.308125
    2.290937
    2.276875
    2.264375
     2.25375
    2.240312
    2.225937
    2.210625
    2.193437
    2.171562
    2.148437
    2.128125
     2.10875
    2.095937
     2.08375
     2.07125
    2.050937
    2.029687
    2.011562
     1.99625
        1.98
    1.963125
    1.948125
    1.933437
       1.915
    1.900937
    1.890625
    1.880937
    1.867812
       1.855
    1.842812
    1.825937
    1.805937
    1.787812
    1.772812
    1.757187
    1.736562
     1.71625
     1.70125
    1.691875
    1.677187
    1.658437
     1.64125
     1.63125
    1.619062
    1.601562
    1.583437
      1.5675
     1.55375
    1.539375
    1.525937
     1.51125
    1.496562
    1.484687
    1.474687
    1.459687
    1.444375
      1.4275
    1.414687
    1.402187
    1.390625
    1.375625
    1.352812
      1.3275
      1.3075
    1.298125
    1.295312
    1.292812
    1.285625
       1.275
     1.25875
    1.238437
    1.221875
    1.211562
    1.200625
    1.182187
    1.158437
    1.142187
      1.1325
     1.12375
    1.111562
    1.094687
     1.08125
    1.074375
    1.069375
    1.058437
    1.041875
    1.028125
     1.01875
    1.010937
   0.9990625
    0.981875
   0.9646875
   0.9528125
     0.94375
      0.9325
   0.9171875
   0.9009375
    0.890625
   0.8846875
    0.874375
    0.856875
     0.84125
    0.834375
   0.8309375
    0.824375
    0.813125
    0.798125
   0.7865625
     0.77875
    0.771875
   0.7634375
        0.75
   0.7378125
   0.7359375
   0.7346875
     0.72125
     0.69875
    0.679375
   0.6728125
   0.6721875
   0.6671875
      0.6525
   0.6378125
     0.62875
       0.625
   0.6184375
     0.60875
   0.5990625
      0.5925
       0.585
   0.5734375
    0.559375
   0.5496875
   0.5465625
    0.544375
     0.54125
   0.5346875
   0.5284375
    0.524375
        0.52
   0.5090625
   0.4990625
   0.4884375
   0.4809375
   0.4759375
     0.47125
   0.4628125
   0.4509375
    0.436875
   0.4246875
   0.4165625
     0.41375
    0.410625
      0.4075
   0.4028125
     0.39625
   0.3865625
       0.375
   0.3621875
     0.35125
     0.34875
   0.3521875
        0.35
   0.3421875
   0.3359375
      0.3375
    0.339375
    0.338125
     0.33375
   0.3284375
   0.3215625
   0.3146875
    0.309375
   0.3078125
   0.3059375
     0.29875
     0.28875
     0.28125
      0.2775
      0.2725
       0.265
   0.2621875
   0.2621875
   0.2596875
   0.2528125
   0.2453125
      0.2425
        0.24
    0.238125
   0.2371875
    0.240625
    0.241875
     0.23375
     0.22375
   0.2184375
        0.22
        0.22
   0.2140625
   0.2078125
   0.2065625
   0.2053125
   0.2034375
    0.204375
   0.2084375
     0.20875
    0.200625
    0.191875
     0.18625
   0.1815625
      0.1775
   0.1740625
      0.1775
   0.1753125
   0.1703125
   0.1715625
     0.17875
   0.1803125
       0.175
   0.1696875
