   -0.333125
    -0.33375
  -0.3321875
  -0.3271875
  -0.3271875
     -0.3325
  -0.3309375
     -0.3225
   -0.315625
    -0.31875
       -0.33
  -0.3340625
   -0.329375
  -0.3240625
   -0.320625
  -0.3190625
  -0.3203125
   -0.325625
   -0.330625
   -0.330625
    -0.33125
  -0.3328125
  -0.3296875
  -0.3209375
   -0.319375
   -0.328125
   -0.335625
  -0.3334375
   -0.328125
  -0.3278125
   -0.328125
  -0.3259375
   -0.324375
  -0.3290625
   -0.334375
   -0.330625
   -0.320625
  -0.3134375
   -0.309375
    -0.30875
     -0.3125
  -0.3215625
  -0.3240625
   -0.315625
  -0.3103125
       -0.31
  -0.3078125
  -0.3003125
  -0.2953125
   -0.303125
  -0.3134375
   -0.311875
  -0.2990625
       -0.29
   -0.281875
   -0.273125
  -0.2671875
   -0.271875
   -0.275625
    -0.26875
   -0.253125
  -0.2459375
  -0.2465625
  -0.2409375
   -0.230625
  -0.2228125
  -0.2196875
  -0.2128125
  -0.2034375
  -0.1959375
  -0.1896875
   -0.178125
  -0.1634375
  -0.1515625
  -0.1459375
  -0.1390625
  -0.1278125
  -0.1146875
    -0.10125
  -0.0878125
  -0.0746875
      -0.065
  -0.0528125
   -0.038125
  -0.0228125
       -0.01
   0.0028125
   0.0146875
   0.0278125
     0.03875
    0.048125
   0.0578125
     0.07375
      0.0975
   0.1215625
   0.1396875
   0.1515625
     0.16125
   0.1728125
    0.186875
    0.208125
     0.23125
    0.254375
   0.2734375
   0.2884375
   0.3034375
      0.3225
       0.345
   0.3640625
   0.3778125
   0.3928125
    0.421875
    0.454375
    0.478125
      0.4975
   0.5190625
   0.5415625
    0.560625
    0.579375
    0.601875
   0.6234375
   0.6409375
    0.660625
    0.685625
    0.711875
     0.73125
   0.7484375
   0.7703125
     0.79375
       0.815
    0.838125
    0.865625
    0.894375
        0.92
    0.946875
   0.9771875
    1.003437
    1.015625
    1.027812
    1.052187
    1.082187
    1.103437
    1.124375
     1.15375
     1.18125
         1.2
    1.214062
     1.23375
    1.258437
    1.281875
     1.30375
    1.329062
     1.35375
    1.374375
    1.390312
    1.411875
    1.435937
    1.459375
      1.4775
    1.494062
    1.511562
        1.53
    1.549062
        1.57
    1.585625
    1.603125
    1.625312
    1.651875
    1.673125
    1.685937
    1.699687
    1.715937
    1.732187
    1.742812
    1.757187
    1.776875
    1.791562
    1.800625
    1.814062
       1.835
        1.86
    1.876875
    1.889375
    1.897187
     1.90875
    1.921562
    1.938125
      1.9525
     1.96375
    1.967812
    1.973437
    1.989375
    2.008125
    2.019062
    2.025312
    2.034375
    2.048437
    2.052187
      2.0525
    2.057812
    2.069375
      2.0725
     2.06875
    2.066562
    2.070625
    2.073437
    2.075312
    2.080625
    2.088437
    2.095312
    2.099375
    2.105625
    2.113125
    2.120312
       2.125
    2.125625
    2.124687
     2.12125
    2.120625
    2.123437
    2.125312
    2.123437
      2.1225
        2.12
    2.117812
    2.111562
    2.104062
    2.095625
    2.090625
    2.085937
     2.08375
      2.0825
     2.08125
     2.07625
     2.07125
      2.0675
    2.067812
    2.062187
       2.055
    2.048437
    2.042187
    2.034687
     2.02625
    2.021875
     2.01375
      1.9975
       1.985
    1.983125
    1.982812
    1.969687
    1.957187
    1.954687
    1.956875
    1.946562
    1.927812
    1.914687
        1.91
    1.903125
    1.890937
    1.879375
      1.8675
     1.85375
    1.844062
    1.836875
    1.831875
    1.819062
      1.8075
    1.800625
    1.795937
     1.78625
     1.77375
    1.761562
    1.750312
    1.734375
    1.714687
    1.704687
      1.6975
    1.684375
    1.665937
        1.65
      1.6375
      1.6175
    1.594687
        1.58
    1.573125
    1.566562
    1.554687
    1.544062
    1.534062
        1.52
    1.504062
    1.490625
    1.475937
    1.458125
     1.44625
        1.44
      1.4275
    1.405625
    1.385312
    1.377187
    1.372187
     1.35625
      1.3325
    1.313125
     1.30125
     1.28875
    1.275625
    1.265312
    1.256562
      1.2425
    1.226562
    1.213437
      1.1975
    1.175937
     1.15625
      1.1425
     1.13125
      1.1125
    1.093437
    1.081562
    1.073125
    1.060625
    1.045312
    1.031875
    1.017812
   0.9959375
   0.9765625
   0.9628125
   0.9521875
   0.9359375
    0.916875
      0.9025
    0.890625
    0.875625
     0.85875
    0.845625
   0.8284375
   0.8040625
      0.7825
   0.7690625
   0.7584375
   0.7384375
   0.7178125
   0.7053125
     0.69125
   0.6703125
   0.6496875
    0.636875
      0.6275
     0.61625
     0.60125
    0.585625
   0.5696875
        0.55
        0.53
   0.5128125
   0.4946875
   0.4721875
     0.45125
   0.4340625
   0.4165625
   0.3965625
     0.38125
   0.3696875
   0.3565625
    0.333125
      0.3075
   0.2921875
       0.285
   0.2734375
    0.256875
    0.240625
   0.2240625
    0.209375
      0.1925
   0.1728125
   0.1521875
   0.1334375
   0.1209375
   0.1078125
   0.0915625
    0.070625
   0.0528125
    0.039375
   0.0284375
   0.0115625
    -0.00625
    -0.01625
  -0.0221875
  -0.0334375
  -0.0471875
  -0.0615625
   -0.075625
     -0.0925
  -0.1090625
     -0.1225
  -0.1315625
  -0.1409375
      -0.155
  -0.1709375
   -0.186875
  -0.2021875
   -0.215625
  -0.2271875
  -0.2396875
  -0.2478125
  -0.2546875
       -0.26
   -0.268125
  -0.2784375
  -0.2921875
   -0.303125
  -0.3103125
   -0.319375
   -0.330625
   -0.340625
    -0.35125
  -0.3646875
  -0.3809375
   -0.395625
   -0.408125
  -0.4196875
     -0.4275
     -0.4325
  -0.4384375
   -0.448125
  -0.4578125
   -0.465625
  -0.4746875
   -0.486875
      -0.495
  -0.4965625
   -0.499375
  -0.5090625
  -0.5178125
  -0.5246875
   -0.530625
  -0.5371875
    -0.54625
  -0.5540625
   -0.565625
  -0.5803125
  -0.5928125
    -0.59875
   -0.600625
  -0.6046875
     -0.6125
   -0.619375
  -0.6240625
  -0.6340625
   -0.646875
     -0.6525
   -0.654375
  -0.6596875
    -0.67375
  -0.6834375
     -0.6875
    -0.69375
  -0.7034375
  -0.7084375
  -0.7090625
   -0.713125
  -0.7246875
  -0.7346875
       -0.74
  -0.7409375
  -0.7403125
    -0.73875
     -0.7425
      -0.755
   -0.769375
  -0.7753125
  -0.7778125
  -0.7859375
  -0.7965625
      -0.795
  -0.7915625
   -0.796875
  -0.8109375
    -0.81625
   -0.810625
   -0.810625
       -0.82
  -0.8253125
  -0.8246875
  -0.8265625
     -0.8325
    -0.83625
  -0.8359375
  -0.8371875
  -0.8409375
   -0.840625
  -0.8390625
  -0.8440625
    -0.85375
  -0.8603125
   -0.863125
  -0.8696875
   -0.875625
  -0.8771875
